2.500000000000000256e-17 0.000000000000000000e+00
5.025125628140947971e-04 3.136280799710244177e-05
1.005025125628180704e-03 3.125393462062195978e-03
1.507537688442251106e-03 3.435221264180784474e-03
2.010050251256319774e-03 5.768358976685339715e-03
2.512562814070386924e-03 7.959057321463248666e-03
3.015075376884467952e-03 1.818014895210032580e-02
3.517587939698532933e-03 2.663318688628233191e-02
4.020100502512605721e-03 4.020874823177585100e-02
4.522613065326676340e-03 4.911439485318031678e-02
5.025125628140746960e-03 5.481877920886352173e-02
5.527638190954816712e-03 6.092496053456025046e-02
6.030150753768875188e-03 6.708840629987894433e-02
6.532663316582947542e-03 7.520079114131941744e-02
7.035175879397018162e-03 8.487495853656656930e-02
7.537688442211090516e-03 9.770774589871566995e-02
8.040201005025159400e-03 1.146240668097796012e-01
8.542713567839236091e-03 1.255176090330103189e-01
9.045226130653298904e-03 1.380433020112737108e-01
9.547738693467365187e-03 1.453880827662991371e-01
1.005025125628145055e-02 1.480399702331855472e-01
1.055276381909552204e-02 1.493965156671479277e-01
1.105527638190959352e-02 1.500958336354715483e-01
1.155778894472365807e-02 1.505480823978414817e-01
1.206030150753772782e-02 1.514682304601769613e-01
1.256281407035179584e-02 1.518192026959127583e-01
1.306532663316586733e-02 1.523749802781895479e-01
1.356783919597994055e-02 1.538335396615724548e-01
1.407035175879400683e-02 1.566178449825976204e-01
1.457286432160807832e-02 1.603379565047157451e-01
1.507537688442216021e-02 1.618636736346014682e-01
1.557788944723622476e-02 1.621106945012011080e-01
1.608040201005030492e-02 1.622881341901792340e-01
1.658291457286437467e-02 1.626149233292586427e-01
1.708542713567844443e-02 1.640179094229937407e-01
1.758793969849252806e-02 1.754284716681318579e-01
1.809045226130659781e-02 1.828744363810605733e-01
1.859296482412067103e-02 1.985948532761859231e-01
1.909547738693474078e-02 2.206960888664966924e-01
1.959798994974881400e-02 2.265528157204730331e-01
2.010050251256286988e-02 2.350694422556176555e-01
2.060301507537693963e-02 2.479351326561514968e-01
2.110552763819101979e-02 2.513761272310108819e-01
2.160804020100509995e-02 2.515593635837597430e-01
2.211055276381917317e-02 2.519383052591644412e-01
2.261306532663324986e-02 2.571897382723967729e-01
2.311557788944731962e-02 2.626709810760404773e-01
2.361809045226134773e-02 2.675434477849581438e-01
2.412060301507543136e-02 2.706314945031585983e-01
2.462311557788948724e-02 2.717361260862732331e-01
2.512562814070355005e-02 2.725910625477414584e-01
2.562814070351763368e-02 2.748883400694077106e-01
2.613065326633170343e-02 2.761603780128613628e-01
2.663316582914577318e-02 2.769257188546696002e-01
2.713567839195982906e-02 2.774096355733681740e-01
2.763819095477387452e-02 2.775447612006170517e-01
2.814070351758796856e-02 2.786944219902144360e-01
2.864321608040205219e-02 2.833569485293668255e-01
2.914572864321612541e-02 2.929568398386605543e-01
2.964824120603018823e-02 3.024636131296971064e-01
3.015075376884425104e-02 3.151433444097010428e-01
3.065326633165830691e-02 3.270187803958047867e-01
3.115577889447238707e-02 3.414994223552532682e-01
3.165829145728647764e-02 3.524552491555224543e-01
3.216080402010054046e-02 3.596102180667901105e-01
3.266331658291459633e-02 3.679755730341753850e-01
3.316582914572864527e-02 3.791390226425811472e-01
3.366834170854273584e-02 3.903180855485397505e-01
3.417085427135681253e-02 3.970879543905774800e-01
3.467336683417088922e-02 4.087129593337021638e-01
3.517587939698497979e-02 4.162353661264260318e-01
3.567839195979902178e-02 4.215658302050045436e-01
3.618090452261311929e-02 4.240892324024670423e-01
3.668341708542720292e-02 4.327054227152556942e-01
3.718592964824127267e-02 4.478321843626413279e-01
3.768844221105532161e-02 4.703839054386913521e-01
3.819095477386939830e-02 4.928989406288861175e-01
3.869346733668346111e-02 5.073267278274016245e-01
3.919597989949755862e-02 5.279927223692797433e-01
3.969849246231161449e-02 5.490640531592078100e-01
4.020100502512564955e-02 5.606948940904330492e-01
4.070351758793974706e-02 5.786551134452225797e-01
4.120603015075379599e-02 5.943972194394070430e-01
4.170854271356786575e-02 6.013571845718771458e-01
4.221105527638194937e-02 6.207170042226660689e-01
4.271356783919600525e-02 6.499847911466364314e-01
4.321608040201010276e-02 6.818572488166714241e-01
4.371859296482417251e-02 7.176621945001835368e-01
4.422110552763825614e-02 7.423688878567736849e-01
4.472361809045230507e-02 7.812794190195216926e-01
4.522613065326637483e-02 8.202177662482152964e-01
4.572864321608045846e-02 8.625399762969262474e-01
4.623115577889452127e-02 8.949094507890715811e-01
4.673366834170859102e-02 9.232348528956868527e-01
4.723618090452266077e-02 9.352288252688994996e-01
4.773869346733671665e-02 9.449670709113074940e-01
4.824120603015084191e-02 9.599749714461126571e-01
4.874371859296491166e-02 9.640170977309484579e-01
4.924623115577899529e-02 9.653555824821238307e-01
4.974874371859304423e-02 9.656421966381497635e-01
5.025125628140711398e-02 9.657175941611767511e-01
5.075376884422118373e-02 9.696297532810181918e-01
5.125628140703523267e-02 9.708206384683292223e-01
5.175879396984936487e-02 9.752020062617108298e-01
5.226130653266342074e-02 9.975996413342367308e-01
5.276381909547751131e-02 1.022169898861116311e+00
5.326633165829153249e-02 1.054758501226945588e+00
5.376884422110560918e-02 1.070329629612714717e+00
5.427135678391964424e-02 1.081938909730135068e+00
5.477386934673371399e-02 1.091520979387852863e+00
5.527638190954779762e-02 1.097161548279131926e+00
5.577889447236192982e-02 1.106542035251480982e+00
5.628140703517594406e-02 1.120742639256976592e+00
5.678391959799000688e-02 1.138106772882790718e+00
5.728643216080410439e-02 1.148065024465904083e+00
5.778894472361809087e-02 1.163487069332632240e+00
5.829145728643218144e-02 1.175922153483476729e+00
5.879396984924620956e-02 1.181308428912578812e+00
5.929648241206038339e-02 1.189133328217840235e+00
5.979899497487443233e-02 1.193465625969679644e+00
6.030150753768846045e-02 1.195001738042502870e+00
6.080402010050255102e-02 1.197280157732072858e+00
6.130653266331662771e-02 1.198119429912986922e+00
6.180904522613073215e-02 1.199181601240452366e+00
6.231155778894476721e-02 1.202183016918358938e+00
6.281407035175881615e-02 1.205976180735034875e+00
6.331658291457292753e-02 1.212220392333892560e+00
6.381909547738701116e-02 1.213124212134745861e+00
6.432160804020108091e-02 1.215506992160378275e+00
6.482412060301509515e-02 1.222119321822929594e+00
6.532663316582917878e-02 1.232980101773829773e+00
6.582914572864324854e-02 1.250812350598466738e+00
6.633165829145727665e-02 1.267224356412870678e+00
6.683417085427133253e-02 1.293980753601757794e+00
6.733668341708543004e-02 1.308862393841176974e+00
6.783919597989955530e-02 1.334223798002847738e+00
6.834170854271358342e-02 1.353980355611216435e+00
6.884422110552770868e-02 1.371213620926346133e+00
6.934673366834176456e-02 1.392685621069067459e+00
6.984924623115584819e-02 1.416712776886531078e+00
7.035175879396987630e-02 1.445997154989011158e+00
7.085427135678400157e-02 1.473547530676885930e+00
7.135678391959815459e-02 1.495104726397128436e+00
7.185929648241194678e-02 1.517361808541537238e+00
7.236180904522615531e-02 1.534092695700151276e+00
7.286432160804030833e-02 1.548305189064380416e+00
7.336683417085439196e-02 1.557024945519338122e+00
7.386934673366847559e-02 1.563588880409103599e+00
7.437185929648255922e-02 1.569339051534947904e+00
7.487437185929668448e-02 1.575651966206935928e+00
7.537688442211071260e-02 1.581610362944904091e+00
7.587939698492468521e-02 1.586969253246899081e+00
7.638190954773869945e-02 1.589181065398054482e+00
7.688442211055286635e-02 1.592693231495188266e+00
7.738693467336701937e-02 1.593748013057076029e+00
7.788944723618107524e-02 1.594401730618131063e+00
7.839195979899507560e-02 1.594461375165009853e+00
7.889447236180921474e-02 1.594505112540336000e+00
7.939698492462315960e-02 1.594543126363860308e+00
7.989949748743724323e-02 1.595596748682229782e+00
8.040201005025134073e-02 1.599699590710842667e+00
8.090452261306542436e-02 1.602612988561584073e+00
8.140703517587953575e-02 1.607990572980889432e+00
8.190954773869359162e-02 1.615777719621765751e+00
8.241206030150770301e-02 1.628285733464605922e+00
8.291457286432171725e-02 1.639670586363402904e+00
8.341708542713580088e-02 1.657773130603157341e+00
8.391959798994994002e-02 1.671519867165464746e+00
8.442211055276387099e-02 1.681600563463948816e+00
8.492462311557798238e-02 1.700437918436204177e+00
8.542713567839202438e-02 1.720632834238269515e+00
8.592964824120614964e-02 1.740045686273518966e+00
8.643216080402020551e-02 1.749488108896044336e+00
8.693467336683420588e-02 1.762388090861724210e+00
8.743718592964830338e-02 1.780493831158149964e+00
8.793969849246240089e-02 1.799835292056733094e+00
8.844221105527637350e-02 1.815506096349516207e+00
8.894472361809048488e-02 1.845003805847193812e+00
8.944723618090452688e-02 1.867773955876280256e+00
8.994974874371856888e-02 1.879508203705563041e+00
9.045226130653274965e-02 1.888308978220072376e+00
9.095477386934679165e-02 1.896785410992846366e+00
9.145728643216086140e-02 1.910635795686134619e+00
9.195979899497500054e-02 1.918613864580918760e+00
9.246231155778908417e-02 1.921738878309922294e+00
9.296482412060301515e-02 1.924191525184218987e+00
9.346733668341716816e-02 1.930913232926050771e+00
9.396984924623109914e-02 1.932019296030121014e+00
9.447236180904518277e-02 1.947246916348119861e+00
9.497487437185939130e-02 1.952903701626520050e+00
9.547738693467330839e-02 1.960998851398330300e+00
9.597989949748747529e-02 1.974598499365090687e+00
9.648241206030157280e-02 1.988756681147978655e+00
9.698492462311572582e-02 2.003797780411100682e+00
9.748743718592976781e-02 2.010037977682640697e+00
9.798994974874378205e-02 2.020025147629448181e+00
9.849246231155781017e-02 2.022828297625213878e+00
9.899497487437182441e-02 2.023189259989540467e+00
9.949748743718593580e-02 2.028417863568968915e+00
1.000000000000000888e-01 2.041771428283340128e+00
