2.500000000000000256e-17 0.000000000000000000e+00
5.025125628140947971e-04 4.032361028198941323e-05
1.005025125628181571e-03 4.018363022651374322e-03
1.507537688442253058e-03 4.416713053946704805e-03
2.010050251256322376e-03 7.416461541452563401e-03
2.512562814070385623e-03 1.023307369902417760e-02
3.015075376884468819e-03 2.337447722412897347e-02
3.517587939698535535e-03 3.424266885379156217e-02
4.020100502512608323e-03 5.169696201228320132e-02
4.522613065326676340e-03 6.314707909694605714e-02
5.025125628140750429e-03 7.048128755425303593e-02
5.527638190954811508e-03 7.833209211586313059e-02
6.030150753768885596e-03 8.625652238555855944e-02
6.532663316582951879e-03 9.668673146741069147e-02
7.035175879397019896e-03 1.091249466898713549e-01
7.537688442211096587e-03 1.256242447269201590e-01
8.040201005025162870e-03 1.473738001840023681e-01
8.542713567839237826e-03 1.613797830424419377e-01
9.045226130653309313e-03 1.774842454430662353e-01
9.547738693467380799e-03 1.869275349852417833e-01
1.005025125628146096e-02 1.903371045855243582e-01
1.055276381909553245e-02 1.920812344291901730e-01
1.105527638190959699e-02 1.929803575313205899e-01
1.155778894472366328e-02 1.935618202257962106e-01
1.206030150753774344e-02 1.947448677345132162e-01
1.256281407035181319e-02 1.951961177518878598e-01
1.306532663316588121e-02 1.959106889291008791e-01
1.356783919597995443e-02 1.977859795648788943e-01
1.407035175879402245e-02 2.013658006919112342e-01
1.457286432160809740e-02 2.061488012203488984e-01
1.507537688442216021e-02 2.081104375302020026e-01
1.557788944723623517e-02 2.084280357872586587e-01
1.608040201005031186e-02 2.086561725302305548e-01
1.658291457286436427e-02 2.090763299947611675e-01
1.708542713567844096e-02 2.108801692581348808e-01
1.758793969849252459e-02 2.255508921447409998e-01
1.809045226130659434e-02 2.351242753470778601e-01
1.859296482412066756e-02 2.553362399265247662e-01
1.909547738693473384e-02 2.837521142569242594e-01
1.959798994974881400e-02 2.912821916406080902e-01
2.010050251256287335e-02 3.022321400429368032e-01
2.060301507537694657e-02 3.187737419864804522e-01
2.110552763819101285e-02 3.231978778684424514e-01
2.160804020100508954e-02 3.234334674648338681e-01
2.211055276381916623e-02 3.239206781903542498e-01
2.261306532663324292e-02 3.306725206359386049e-01
2.311557788944730574e-02 3.377198328120519233e-01
2.361809045226139284e-02 3.439844328663746453e-01
2.412060301507545565e-02 3.479547786469182058e-01
2.462311557788951846e-02 3.493750192537798949e-01
2.512562814070357434e-02 3.504742232756675180e-01
2.562814070351766838e-02 3.534278658035240883e-01
2.613065326633173466e-02 3.550633431593930300e-01
2.663316582914576625e-02 3.560473528131464782e-01
2.713567839195984641e-02 3.566695314514732318e-01
2.763819095477390922e-02 3.568432644007932253e-01
2.814070351758799285e-02 3.583213997017041796e-01
2.864321608040207301e-02 3.643160766806144424e-01
2.914572864321614623e-02 3.766587940782778476e-01
2.964824120603020557e-02 3.888817883096103989e-01
3.015075376884428920e-02 4.051842999553298408e-01
3.065326633165834508e-02 4.204527176517486864e-01
3.115577889447241830e-02 4.390706858853252736e-01
3.165829145728649152e-02 4.531567489142431793e-01
3.216080402010053352e-02 4.623559946573017054e-01
3.266331658291461715e-02 4.731114510439395349e-01
3.316582914572870078e-02 4.874644576833180865e-01
3.366834170854272890e-02 5.018375385624079810e-01
3.417085427135684722e-02 5.105416556450279586e-01
3.467336683417091003e-02 5.254880905719031547e-01
3.517587939698500060e-02 5.351597564482623026e-01
3.567839195979904954e-02 5.420132102635775162e-01
3.618090452261313317e-02 5.452575845174579827e-01
3.668341708542720292e-02 5.563355434910434161e-01
3.718592964824127961e-02 5.757842370376814456e-01
3.768844221105536324e-02 6.047793069926027387e-01
3.819095477386942605e-02 6.337272093799958261e-01
3.869346733668346111e-02 6.522772214923728828e-01
3.919597989949753086e-02 6.788477859033593687e-01
3.969849246231160061e-02 7.059394969189809466e-01
4.020100502512567731e-02 7.208934352591278572e-01
4.070351758793976787e-02 7.439851458581431265e-01
4.120603015075379599e-02 7.642249964220945158e-01
4.170854271356790044e-02 7.731735230209846321e-01
4.221105527638196325e-02 7.980647197148555971e-01
4.271356783919603994e-02 8.356947314742471100e-01
4.321608040201012357e-02 8.766736056214362582e-01
4.371859296482416557e-02 9.227085357859505788e-01
4.422110552763822144e-02 9.544742843872811022e-01
4.472361809045230507e-02 1.004502110167955875e+00
4.522613065326639564e-02 1.054565699461991413e+00
4.572864321608043764e-02 1.108979969524620524e+00
4.623115577889454209e-02 1.150597865300235334e+00
4.673366834170863265e-02 1.187016239437310494e+00
4.723618090452270241e-02 1.202437061060012136e+00
4.773869346733674440e-02 1.214957662600250510e+00
4.824120603015084885e-02 1.234253534716428513e+00
4.874371859296489085e-02 1.239450554225503653e+00
4.924623115577897448e-02 1.241171463191300450e+00
4.974874371859304423e-02 1.241539967106191078e+00
5.025125628140712092e-02 1.241636906778654348e+00
5.075376884422120455e-02 1.246666825647021914e+00
5.125628140703524654e-02 1.248197963744993366e+00
5.175879396984930242e-02 1.253831150907912528e+00
5.226130653266340687e-02 1.282628110286873513e+00
5.276381909547744192e-02 1.314218441392861259e+00
5.326633165829153249e-02 1.356118073006070679e+00
5.376884422110559530e-02 1.376138095216345336e+00
5.427135678391969975e-02 1.391064312510171153e+00
5.477386934673374869e-02 1.403384116355808509e+00
5.527638190954785313e-02 1.410636276358881114e+00
5.577889447236188819e-02 1.422696902466187518e+00
5.628140703517597182e-02 1.440954821901824001e+00
5.678391959799002769e-02 1.463280136563585465e+00
5.728643216080406275e-02 1.476083602884731061e+00
5.778894472361818802e-02 1.495911946284808058e+00
5.829145728643222307e-02 1.511899911621609194e+00
5.879396984924632752e-02 1.518825122887597079e+00
5.929648241206032788e-02 1.528885707708647956e+00
5.979899497487444621e-02 1.534455804818156022e+00
6.030150753768845351e-02 1.536430806054643217e+00
6.080402010050259265e-02 1.539360202798375488e+00
6.130653266331666934e-02 1.540439267030979220e+00
6.180904522613075991e-02 1.541804915880577997e+00
6.231155778894471864e-02 1.545663878895029653e+00
6.281407035175880227e-02 1.550540803802183953e+00
6.331658291457289978e-02 1.558569075857858310e+00
6.381909547738705279e-02 1.559731129887526491e+00
6.432160804020106704e-02 1.562794704206197149e+00
6.482412060301513679e-02 1.571296270915191196e+00
6.532663316582923430e-02 1.585260130852062188e+00
6.582914572864329017e-02 1.608187307912309461e+00
6.633165829145737380e-02 1.629288458245113924e+00
6.683417085427144355e-02 1.663689540345112627e+00
6.733668341708556881e-02 1.682823077795793987e+00
6.783919597989962469e-02 1.715430597432228810e+00
6.834170854271361117e-02 1.740831885785847577e+00
6.884422110552772256e-02 1.762988941191015346e+00
6.934673366834176456e-02 1.790595798517371717e+00
6.984924623115587594e-02 1.821487855996967165e+00
7.035175879396993182e-02 1.859139199271582443e+00
7.085427135678402932e-02 1.894561110870279785e+00
7.135678391959802969e-02 1.922277505367735451e+00
7.185929648241205780e-02 1.950893753839116451e+00
7.236180904522626633e-02 1.972404894471618153e+00
7.286432160804025282e-02 1.990678100225626856e+00
7.336683417085432257e-02 2.001889215667715050e+00
7.386934673366839232e-02 2.010328560525985075e+00
7.437185929648251759e-02 2.017721637687785563e+00
7.487437185929658734e-02 2.025838242266055467e+00
7.537688442211061546e-02 2.033499038072013931e+00
7.587939698492460194e-02 2.040389039888865330e+00
7.638190954773874108e-02 2.043232798368922243e+00
7.688442211055288023e-02 2.047748440493809330e+00
7.738693467336689447e-02 2.049104588216236422e+00
7.788944723618092258e-02 2.049945082223306958e+00
7.839195979899500621e-02 2.050021768069293593e+00
7.889447236180904821e-02 2.050078001837570607e+00
7.939698492462304857e-02 2.050126876753530336e+00
7.989949748743714608e-02 2.051481534020005437e+00
8.040201005025122971e-02 2.056756616628221401e+00
8.090452261306525783e-02 2.060502413864889526e+00
8.140703517587934146e-02 2.067416450975425146e+00
8.190954773869342509e-02 2.077428496656551271e+00
8.241206030150750872e-02 2.093510228740202983e+00
8.291457286432157847e-02 2.108147896752941897e+00
8.341708542713564822e-02 2.131422596489768395e+00
8.391959798994967634e-02 2.149096972069879818e+00
8.442211055276378773e-02 2.162057867310787085e+00
8.492462311557785748e-02 2.186277323703686992e+00
8.542713567839192723e-02 2.212242215449198302e+00
8.592964824120603862e-02 2.237201596637377055e+00
8.643216080402003898e-02 2.249341854294909737e+00
8.693467336683417812e-02 2.265927545393639608e+00
8.743718592964820624e-02 2.289206354346187577e+00
8.793969849246228987e-02 2.314073946930080616e+00
8.844221105527624860e-02 2.334222123877944810e+00
8.894472361809033223e-02 2.372147750374960840e+00
8.944723618090454076e-02 2.401423657555214586e+00
8.994974874371858276e-02 2.416510547621435467e+00
9.045226130653269414e-02 2.427825829140089375e+00
9.095477386934681940e-02 2.438724099847941584e+00
9.145728643216080589e-02 2.456531737310741814e+00
9.195979899497495891e-02 2.466789254461178249e+00
9.246231155778902866e-02 2.470807129255611745e+00
9.296482412060308453e-02 2.473960532379707367e+00
9.346733668341709877e-02 2.482602728047777152e+00
9.396984924623123792e-02 2.484024809181581972e+00
9.447236180904527991e-02 2.503603178161867504e+00
9.497487437185943293e-02 2.510876187805525017e+00
9.547738693467353044e-02 2.521284237512138482e+00
9.597989949748753080e-02 2.538769499183689327e+00
9.648241206030160055e-02 2.556972875761688080e+00
9.698492462311564255e-02 2.576311431957132747e+00
9.748743718592969842e-02 2.584334542734827433e+00
9.798994974874374042e-02 2.597175189809294515e+00
9.849246231155776854e-02 2.600779239803850729e+00
9.899497487437189380e-02 2.601243334272271390e+00
9.949748743718574151e-02 2.607965824588680093e+00
9.999999999999986677e-02 2.625134693507158001e+00
