2.500000000000000256e-17 0.000000000000000000e+00
5.025125628140944718e-04 2.688240685465891199e-05
1.005025125628178969e-03 2.678908681767594446e-03
1.507537688442250889e-03 2.944475369297813901e-03
2.010050251256319340e-03 4.944307694301720499e-03
2.512562814070384322e-03 6.822049132682794607e-03
3.015075376884467084e-03 1.558298481608601412e-02
3.517587939698533801e-03 2.282844590252772893e-02
4.020100502512602252e-03 3.446464134152216890e-02
4.522613065326672004e-03 4.209805273129741537e-02
5.025125628140743490e-03 4.698752503616873688e-02
5.527638190954807171e-03 5.222139474390879305e-02
6.030150753768874321e-03 5.750434825703909514e-02
6.532663316582951012e-03 6.445782097827384982e-02
7.035175879397027703e-03 7.274996445991424587e-02
7.537688442211090516e-03 8.374949648461346707e-02
8.040201005025162870e-03 9.824920012266830094e-02
8.542713567839225683e-03 1.075865220282946205e-01
9.045226130653293700e-03 1.183228302953775180e-01
9.547738693467375595e-03 1.246183566568279250e-01
1.005025125628145055e-02 1.268914030570162665e-01
1.055276381909551683e-02 1.280541562861268468e-01
1.105527638190958659e-02 1.286535716875470969e-01
1.155778894472365634e-02 1.290412134838641867e-01
1.206030150753772956e-02 1.298299118230088756e-01
1.256281407035179931e-02 1.301307451679252769e-01
1.306532663316587253e-02 1.306071259527339656e-01
1.356783919597994402e-02 1.318573197099192906e-01
1.407035175879400857e-02 1.342438671279408968e-01
1.457286432160807832e-02 1.374325341468992656e-01
1.507537688442214113e-02 1.387402916868013536e-01
1.557788944723621262e-02 1.389520238581724854e-01
1.608040201005027370e-02 1.391041150201537124e-01
1.658291457286435733e-02 1.393842199965074635e-01
1.708542713567842361e-02 1.405867795054232816e-01
1.758793969849251418e-02 1.503672614298273702e-01
1.809045226130658046e-02 1.567495168980519160e-01
1.859296482412065368e-02 1.702241599510165293e-01
1.909547738693472343e-02 1.891680761712828951e-01
1.959798994974881053e-02 1.941881277604053935e-01
2.010050251256285253e-02 2.014880933619578873e-01
2.060301507537693616e-02 2.125158279909868941e-01
2.110552763819100938e-02 2.154652519122948195e-01
2.160804020100508260e-02 2.156223116432224307e-01
2.211055276381915929e-02 2.159471187935693703e-01
2.261306532663323252e-02 2.204483470906256626e-01
2.311557788944730227e-02 2.251465552080345600e-01
2.361809045226136161e-02 2.293229552442496433e-01
2.412060301507539320e-02 2.319698524312786558e-01
2.462311557788949418e-02 2.329166795025198189e-01
2.512562814070353270e-02 2.336494821837782621e-01
2.562814070351759205e-02 2.356185772023492719e-01
2.613065326633169649e-02 2.367088954395953349e-01
2.663316582914574543e-02 2.373649018754309115e-01
2.713567839195980130e-02 2.377796876343154231e-01
2.763819095477390922e-02 2.378955096005287706e-01
2.814070351758798244e-02 2.388809331344694253e-01
2.864321608040206260e-02 2.428773844537431004e-01
2.914572864321612888e-02 2.511058627188521575e-01
2.964824120603017782e-02 2.592545255397407655e-01
3.015075376884424757e-02 2.701228666368870046e-01
3.065326633165831732e-02 2.803018117678328647e-01
3.115577889447237320e-02 2.927137905902174042e-01
3.165829145728645683e-02 3.021044992761626191e-01
3.216080402010054740e-02 3.082373297715348404e-01
3.266331658291457551e-02 3.154076340292935599e-01
3.316582914572867302e-02 3.249763051222123722e-01
3.366834170854271502e-02 3.345583590416056352e-01
3.417085427135679171e-02 3.403611037633525460e-01
3.467336683417085452e-02 3.503253937146024177e-01
3.517587939698490346e-02 3.567731709655088124e-01
3.567839195979897321e-02 3.613421401757189177e-01
3.618090452261308460e-02 3.635050563449724881e-01
3.668341708542716822e-02 3.708903623273628325e-01
3.718592964824121716e-02 3.838561580251220740e-01
3.768844221105530773e-02 4.031862046617361028e-01
3.819095477386937054e-02 4.224848062533316240e-01
3.869346733668343336e-02 4.348514809949161619e-01
3.919597989949749617e-02 4.525651906022405413e-01
3.969849246231158674e-02 4.706263312793218523e-01
4.020100502512564261e-02 4.805956235060863113e-01
4.070351758793969849e-02 4.959900972387633056e-01
4.120603015075380293e-02 5.094833309480643058e-01
4.170854271356791432e-02 5.154490153473242353e-01
4.221105527638197713e-02 5.320431464765715823e-01
4.271356783919606076e-02 5.571298209828320358e-01
4.321608040201010970e-02 5.844490704142919490e-01
4.371859296482419333e-02 6.151390238573013480e-01
4.422110552763822838e-02 6.363161895915215860e-01
4.472361809045230507e-02 6.696680734453056560e-01
4.522613065326637483e-02 7.030437996413290147e-01
4.572864321608044458e-02 7.393199796830817183e-01
4.623115577889454209e-02 7.670652435334914809e-01
4.673366834170860490e-02 7.913441596248750320e-01
4.723618090452268853e-02 8.016247073733430151e-01
4.773869346733674440e-02 8.099717750668355976e-01
4.824120603015077946e-02 8.228356898109547846e-01
4.874371859296485615e-02 8.263003694836714708e-01
4.924623115577893284e-02 8.274476421275360760e-01
4.974874371859299566e-02 8.276933114041297168e-01
5.025125628140707235e-02 8.277579378524386744e-01
5.075376884422114904e-02 8.311112170980169411e-01
5.125628140703523267e-02 8.321319758299979830e-01
5.175879396984930242e-02 8.358874339386109797e-01
5.226130653266335135e-02 8.550854068579194500e-01
5.276381909547746274e-02 8.761456275952439476e-01
5.326633165829151167e-02 9.040787153373829321e-01
5.376884422110557449e-02 9.174253968108996293e-01
5.427135678391965118e-02 9.273762083401169143e-01
5.477386934673373481e-02 9.355894109038754847e-01
5.527638190954779068e-02 9.404241842392571105e-01
5.577889447236185350e-02 9.484646016441278249e-01
5.628140703517595100e-02 9.606365479345518876e-01
5.678391959799002076e-02 9.755200910423925675e-01
5.728643216080406969e-02 9.840557352564897053e-01
5.778894472361814638e-02 9.972746308565418882e-01
5.829145728643224389e-02 1.007933274414408498e+00
5.879396984924630670e-02 1.012550081925067236e+00
5.929648241206033482e-02 1.019257138472434709e+00
5.979899497487445315e-02 1.022970536545440234e+00
6.030150753768856453e-02 1.024287204036431698e+00
6.080402010050256489e-02 1.026240135198920100e+00
6.130653266331658607e-02 1.026959511353989329e+00
6.180904522613078073e-02 1.027869943920388218e+00
6.231155778894476027e-02 1.030442585930022581e+00
6.281407035175884390e-02 1.033693869201459004e+00
6.331658291457283039e-02 1.039046050571908575e+00
6.381909547738694177e-02 1.039820753258354324e+00
6.432160804020098377e-02 1.041863136137467949e+00
6.482412060301512291e-02 1.047530847276797461e+00
6.532663316582926205e-02 1.056840087234711900e+00
6.582914572864324854e-02 1.072124871941543933e+00
6.633165829145735992e-02 1.086192305496746613e+00
6.683417085427140192e-02 1.109126360230079156e+00
6.733668341708543004e-02 1.121882051863866803e+00
6.783919597989954142e-02 1.143620398288156537e+00
6.834170854271368056e-02 1.160554590523901197e+00
6.884422110552775032e-02 1.175325960794012081e+00
6.934673366834175068e-02 1.193730532344916551e+00
6.984924623115586206e-02 1.214325237331312701e+00
7.035175879396993182e-02 1.239426132847725404e+00
7.085427135678389055e-02 1.263040740580189780e+00
7.135678391959804356e-02 1.281518336911827038e+00
7.185929648241209944e-02 1.300595835892747854e+00
7.236180904522611368e-02 1.314936596314416173e+00
7.286432160804026670e-02 1.327118733483755086e+00
7.336683417085410053e-02 1.334592810445147215e+00
7.386934673366837845e-02 1.340219040350660640e+00
7.437185929648239269e-02 1.345147758458527631e+00
7.487437185929646244e-02 1.350558828177373938e+00
7.537688442211069872e-02 1.355666025381346618e+00
7.587939698492469909e-02 1.360259359925914513e+00
7.638190954773863006e-02 1.362155198912619047e+00
7.688442211055281084e-02 1.365165626995876735e+00
7.738693467336682508e-02 1.366069725477494501e+00
7.788944723618099197e-02 1.366630054815541895e+00
7.839195979899504785e-02 1.366681178712866540e+00
7.889447236180908984e-02 1.366718667891717587e+00
7.939698492462309021e-02 1.366751251169024073e+00
7.989949748743722935e-02 1.367654356013340733e+00
8.040201005025131298e-02 1.371171077752151968e+00
8.090452261306535497e-02 1.373668275909930570e+00
8.140703517587938309e-02 1.378277633983621353e+00
8.190954773869350836e-02 1.384952331104371881e+00
8.241206030150757811e-02 1.395673485826806282e+00
8.291457286432163398e-02 1.405431931168631632e+00
8.341708542713570373e-02 1.420948397659850482e+00
8.391959798994984288e-02 1.432731314713256987e+00
8.442211055276382936e-02 1.441371911540528794e+00
8.492462311557791299e-02 1.457518215802462658e+00
8.542713567839194111e-02 1.474828143632804123e+00
8.592964824120598311e-02 1.491467731091590698e+00
8.643216080402012225e-02 1.499561236196613079e+00
8.693467336683419200e-02 1.510618363595766844e+00
8.743718592964831726e-02 1.526137569564130603e+00
8.793969849246233150e-02 1.542715964620060332e+00
8.844221105527638738e-02 1.556148082585302239e+00
8.894472361809047101e-02 1.581431833583313518e+00
8.944723618090449913e-02 1.600949105036817421e+00
8.994974874371863827e-02 1.611007031747631046e+00
9.045226130653256924e-02 1.618550552760067873e+00
9.095477386934663899e-02 1.625816066565302753e+00
9.145728643216083364e-02 1.637687824873835130e+00
9.195979899497484789e-02 1.644526169640792679e+00
9.246231155778897315e-02 1.647204752837081676e+00
9.296482412060295963e-02 1.649307021586478905e+00
9.346733668341701551e-02 1.655068485365191799e+00
9.396984924623119628e-02 1.656016539454395087e+00
9.447236180904526603e-02 1.669068785441252034e+00
9.497487437185934966e-02 1.673917458537024006e+00
9.547738693467325288e-02 1.680856158341432982e+00
9.597989949748741978e-02 1.692512999455799472e+00
9.648241206030137851e-02 1.704648583841133158e+00
9.698492462311569806e-02 1.717540954638093309e+00
9.748743718592979557e-02 1.722889695156556433e+00
9.798994974874375430e-02 1.731450126539534784e+00
9.849246231155768527e-02 1.733852826535905445e+00
9.899497487437181054e-02 1.734162222848185886e+00
9.949748743718588029e-02 1.738643883059124651e+00
9.999999999999999167e-02 1.750089795671442960e+00
