2.500000000000000256e-17 0.000000000000000000e+00
5.025125628140944718e-04 1.792160456977259444e-05
1.005025125628175933e-03 1.785939121178404393e-03
1.507537688442245902e-03 1.962983579531882294e-03
2.010050251256315437e-03 3.296205129534495078e-03
2.512562814070384756e-03 4.548032755121870011e-03
3.015075376884463181e-03 1.038865654405736472e-02
3.517587939698525994e-03 1.521896393501850735e-02
4.020100502512600517e-03 2.297642756101481165e-02
4.522613065326669402e-03 2.806536848753163685e-02
5.025125628140737419e-03 3.132501669077916717e-02
5.527638190954808038e-03 3.481426316260585740e-02
6.030150753768877790e-03 3.833623217135938982e-02
6.532663316582944940e-03 4.297188065218254110e-02
7.035175879397023366e-03 4.849997630660947412e-02
7.537688442211090516e-03 5.583299765640895029e-02
8.040201005025159400e-03 6.549946674844553396e-02
8.542713567839223948e-03 7.172434801886309885e-02
9.045226130653295435e-03 7.888188686358502122e-02
9.547738693467366922e-03 8.307890443788522317e-02
1.005025125628145229e-02 8.459426870467746939e-02
1.055276381909551683e-02 8.536943752408450437e-02
1.105527638190958832e-02 8.576904779169801374e-02
1.155778894472365634e-02 8.602747565590940226e-02
1.206030150753772089e-02 8.655327454867252357e-02
1.256281407035179931e-02 8.675383011195013372e-02
1.306532663316586212e-02 8.707141730182260675e-02
1.356783919597993535e-02 8.790487980661283729e-02
1.407035175879400510e-02 8.949591141862719978e-02
1.457286432160807312e-02 9.162168943126615395e-02
1.507537688442213940e-02 9.249352779120084689e-02
1.557788944723620742e-02 9.263468257211493473e-02
1.608040201005027370e-02 9.273607668010243332e-02
1.658291457286434345e-02 9.292281333100493868e-02
1.708542713567842014e-02 9.372451967028214148e-02
1.758793969849250724e-02 1.002448409532182144e-01
1.809045226130657005e-02 1.044996779320346014e-01
1.859296482412064327e-02 1.134827733006776446e-01
1.909547738693471303e-02 1.261120507808552171e-01
1.959798994974878625e-02 1.294587518402701976e-01
2.010050251256287682e-02 1.343253955746384343e-01
2.060301507537693963e-02 1.416772186606578277e-01
2.110552763819097122e-02 1.436435012748631113e-01
2.160804020100506179e-02 1.437482077621481946e-01
2.211055276381914889e-02 1.439647458623794785e-01
2.261306532663323252e-02 1.469655647270836640e-01
2.311557788944728839e-02 1.500977034720230308e-01
2.361809045226133386e-02 1.528819701628330308e-01
2.412060301507540014e-02 1.546465682875190484e-01
2.462311557788947683e-02 1.552777863350131571e-01
2.512562814070353617e-02 1.557663214558521192e-01
2.562814070351759552e-02 1.570790514682328387e-01
2.613065326633168262e-02 1.578059302930635011e-01
2.663316582914573155e-02 1.582432679169538947e-01
2.713567839195981518e-02 1.585197917562101988e-01
2.763819095477389881e-02 1.585970064003524305e-01
2.814070351758796856e-02 1.592539554229795151e-01
2.864321608040204525e-02 1.619182563024952892e-01
2.914572864321611501e-02 1.674039084792345589e-01
2.964824120603018476e-02 1.728363503598268625e-01
3.015075376884425798e-02 1.800819110912575682e-01
3.065326633165830345e-02 1.868678745118884099e-01
3.115577889447238014e-02 1.951425270601446493e-01
3.165829145728646377e-02 2.014029995174414500e-01
3.216080402010053352e-02 2.054915531810229401e-01
3.266331658291458939e-02 2.102717560195287161e-01
3.316582914572867302e-02 2.166508700814746280e-01
3.366834170854272196e-02 2.230389060277367386e-01
3.417085427135679171e-02 2.269074025089012348e-01
3.467336683417088228e-02 2.335502624764011770e-01
3.517587939698494509e-02 2.378487806436719587e-01
3.567839195979905648e-02 2.408947601171452790e-01
3.618090452261311929e-02 2.423367042299809926e-01
3.668341708542714047e-02 2.472602415515745278e-01
3.718592964824124492e-02 2.559041053500802909e-01
3.768844221105530079e-02 2.687908031078234949e-01
3.819095477386939136e-02 2.816565375022204720e-01
3.869346733668345417e-02 2.899009873299433493e-01
3.919597989949752392e-02 3.017101270681596947e-01
3.969849246231157286e-02 3.137508875195472169e-01
4.020100502512564955e-02 3.203970823373903931e-01
4.070351758793972624e-02 3.306600648258415931e-01
4.120603015075382375e-02 3.396555539653757227e-01
4.170854271356785881e-02 3.436326768982155277e-01
4.221105527638194244e-02 3.546954309843802222e-01
4.271356783919603300e-02 3.714198806552203580e-01
4.321608040201004725e-02 3.896327136095268928e-01
4.371859296482411700e-02 4.100926825715334734e-01
4.422110552763821451e-02 4.242107930610136690e-01
4.472361809045230507e-02 4.464453822968699193e-01
4.522613065326635401e-02 4.686958664275521769e-01
4.572864321608047233e-02 4.928799864553865540e-01
4.623115577889450045e-02 5.113768290223265067e-01
4.673366834170857714e-02 5.275627730832489481e-01
4.723618090452261914e-02 5.344164715822273815e-01
4.773869346733671665e-02 5.399811833778889181e-01
4.824120603015080722e-02 5.485571265406349317e-01
4.874371859296483533e-02 5.508669129891125005e-01
4.924623115577891896e-02 5.516317614183555706e-01
4.974874371859302341e-02 5.517955409360847385e-01
5.025125628140705153e-02 5.518386252349573029e-01
5.075376884422116291e-02 5.540741447320095547e-01
5.125628140703521879e-02 5.547546505533302863e-01
5.175879396984928160e-02 5.572582892924055065e-01
5.226130653266335829e-02 5.700569379052772279e-01
5.276381909547739335e-02 5.840970850634941147e-01
5.326633165829147004e-02 6.027191435582531787e-01
5.376884422110558837e-02 6.116169312072642361e-01
5.427135678391967893e-02 6.182508055600755004e-01
5.477386934673368624e-02 6.237262739359143993e-01
5.527638190954774905e-02 6.269494561595023718e-01
5.577889447236179798e-02 6.323097344294161815e-01
5.628140703517578447e-02 6.404243652896994821e-01
5.678391959799002769e-02 6.503467273615928246e-01
5.728643216080406275e-02 6.560371568376572871e-01
5.778894472361807699e-02 6.648497539043584093e-01
5.829145728643223001e-02 6.719555162762693712e-01
5.879396984924630670e-02 6.750333879500418632e-01
5.929648241206037645e-02 6.795047589816199940e-01
5.979899497487450172e-02 6.819803576969568626e-01
6.030150753768847433e-02 6.828581360242843568e-01
6.080402010050247469e-02 6.841600901326099216e-01
6.130653266331659301e-02 6.846396742359892595e-01
6.180904522613067664e-02 6.852466292802553705e-01
6.231155778894467007e-02 6.869617239533450936e-01
6.281407035175883002e-02 6.891292461343025977e-01
6.331658291457288590e-02 6.926973670479353862e-01
6.381909547738696953e-02 6.932138355055658119e-01
6.432160804020099765e-02 6.945754240916416355e-01
6.482412060301503964e-02 6.983538981845279769e-01
6.532663316582919266e-02 7.045600581564708254e-01
6.582914572864323466e-02 7.147499146276915516e-01
6.633165829145731829e-02 7.241282036644933751e-01
6.683417085427137416e-02 7.394175734867147742e-01
6.733668341708554106e-02 7.479213679092395761e-01
6.783919597989952754e-02 7.624135988587671386e-01
6.834170854271354179e-02 7.737030603492647263e-01
6.884422110552761154e-02 7.835506405293390930e-01
6.934673366834172292e-02 7.958203548966084062e-01
6.984924623115583431e-02 8.095501582208721736e-01
7.035175879396990406e-02 8.262840885651470124e-01
7.085427135678387667e-02 8.420271603867907073e-01
7.135678391959798805e-02 8.543455579412151391e-01
7.185929648241216883e-02 8.670638905951618680e-01
7.236180904522632185e-02 8.766243975429406365e-01
7.286432160804025282e-02 8.847458223224996532e-01
7.336683417085433645e-02 8.897285402967608503e-01
7.386934673366836457e-02 8.934793602337697260e-01
7.437185929648232330e-02 8.967651723056808688e-01
7.487437185929662897e-02 9.003725521182454061e-01
7.537688442211053219e-02 9.037773502542272297e-01
7.587939698492464358e-02 9.068395732839390488e-01
7.638190954773867170e-02 9.081034659417421828e-01
7.688442211055268594e-02 9.101104179972473451e-01
7.738693467336688059e-02 9.107131503183262256e-01
7.788944723618083932e-02 9.110867032103574514e-01
7.839195979899507560e-02 9.111207858085736966e-01
7.889447236180899270e-02 9.111457785944745424e-01
7.939698492462314572e-02 9.111675007793456071e-01
7.989949748743731262e-02 9.117695706755564178e-01
8.040201005025132686e-02 9.141140518347644628e-01
8.090452261306535497e-02 9.157788506066166789e-01
8.140703517587945248e-02 9.188517559890772013e-01
8.190954773869357775e-02 9.233015540695771461e-01
8.241206030150766138e-02 9.304489905511998948e-01
8.291457286432167562e-02 9.369546207790843129e-01
8.341708542713575925e-02 9.472989317732297687e-01
8.391959798994985675e-02 9.551542098088341426e-01
8.442211055276380161e-02 9.609146076936823100e-01
8.492462311557788524e-02 9.716788105349724036e-01
8.542713567839201050e-02 9.832187624218652333e-01
8.592964824120613576e-02 9.943118207277215070e-01
8.643216080402016388e-02 9.997074907977357983e-01
8.693467336683413649e-02 1.007078909063838790e+00
8.743718592964830338e-02 1.017425046376082776e+00
8.793969849246242865e-02 1.028477309746700596e+00
8.844221105527634574e-02 1.037432055056862534e+00
8.894472361809047101e-02 1.054287889055535832e+00
8.944723618090445749e-02 1.067299403357871324e+00
8.994974874371855500e-02 1.074004687831747518e+00
9.045226130653266639e-02 1.079033701840038662e+00
9.095477386934663899e-02 1.083877377710195322e+00
9.145728643216079201e-02 1.091791883249216832e+00
9.195979899497475074e-02 1.096350779760521865e+00
9.246231155778886213e-02 1.098136501891381123e+00
9.296482412060302902e-02 1.099538014390979423e+00
9.346733668341707102e-02 1.103378990243454982e+00
9.396984924623112689e-02 1.104011026302923693e+00
9.447236180904521052e-02 1.112712523627495065e+00
9.497487437185928028e-02 1.115944972358009935e+00
9.547738693467341942e-02 1.120570772227615475e+00
9.597989949748735039e-02 1.128341999637194171e+00
9.648241206030160055e-02 1.136432389227415296e+00
9.698492462311567031e-02 1.145027303092056359e+00
9.748743718592962904e-02 1.148593130104365256e+00
9.798994974874336572e-02 1.154300084359684897e+00
9.849246231155771303e-02 1.155901884357265708e+00
9.899497487437172727e-02 1.156108148565452520e+00
9.949748743718593580e-02 1.159095922039411697e+00
9.999999999999999167e-02 1.166726530447625088e+00
