2.500000000000000256e-17 0.000000000000000000e+00
5.025125628140947971e-04 3.584320913954559546e-05
1.005025125628180921e-03 3.571878242356785367e-03
1.507537688442251757e-03 3.925967159063745507e-03
2.010050251256320641e-03 6.592410259068945053e-03
2.512562814070387791e-03 9.096065510243707061e-03
3.015075376884470987e-03 2.077731308811463923e-02
3.517587939698534234e-03 3.043792787003694877e-02
4.020100502512608323e-03 4.595285512202950534e-02
4.522613065326677208e-03 5.613073697506314880e-02
5.025125628140746092e-03 6.265003338155826496e-02
5.527638190954808906e-03 6.962852632521168705e-02
6.030150753768880392e-03 7.667246434271875188e-02
6.532663316582951879e-03 8.594376130436505445e-02
7.035175879397025100e-03 9.699995261321890661e-02
7.537688442211095720e-03 1.116659953128179422e-01
8.040201005025162870e-03 1.309989334968909014e-01
8.542713567839229152e-03 1.434486960377260312e-01
9.045226130653297170e-03 1.577637737271699869e-01
9.547738693467373861e-03 1.661578088757704741e-01
1.005025125628145402e-02 1.691885374093549665e-01
1.055276381909552204e-02 1.707388750481690920e-01
1.105527638190958659e-02 1.715380955833961107e-01
1.155778894472365807e-02 1.720549513118188878e-01
1.206030150753772436e-02 1.731065490973450749e-01
1.256281407035180452e-02 1.735076602239003229e-01
1.306532663316586906e-02 1.741428346036452413e-01
1.356783919597994402e-02 1.758097596132257023e-01
1.407035175879401377e-02 1.789918228372543996e-01
1.457286432160808352e-02 1.832433788625323634e-01
1.507537688442215675e-02 1.849870555824017493e-01
1.557788944723623864e-02 1.852693651442298972e-01
1.608040201005030145e-02 1.854721533602048944e-01
1.658291457286436774e-02 1.858456266620099329e-01
1.708542713567843402e-02 1.874490393405643662e-01
1.758793969849252459e-02 2.004896819064363733e-01
1.809045226130659434e-02 2.089993558640691473e-01
1.859296482412066756e-02 2.269655466013553724e-01
1.909547738693474078e-02 2.522241015617105453e-01
1.959798994974881400e-02 2.589175036805406172e-01
2.010050251256287335e-02 2.686507911492772016e-01
2.060301507537693963e-02 2.833544373213159884e-01
2.110552763819102673e-02 2.872870025497266666e-01
2.160804020100510689e-02 2.874964155242968333e-01
2.211055276381915582e-02 2.879294917247593455e-01
2.261306532663322558e-02 2.939311294541675501e-01
2.311557788944729186e-02 3.001954069440461170e-01
2.361809045226134773e-02 3.057639403256661725e-01
2.412060301507543830e-02 3.092931365750382078e-01
2.462311557788948030e-02 3.105555726700263697e-01
2.512562814070356046e-02 3.115326429117043494e-01
2.562814070351763021e-02 3.141581029364657884e-01
2.613065326633166874e-02 3.156118605861270021e-01
2.663316582914577665e-02 3.164865358339077894e-01
2.713567839195983600e-02 3.170395835124205086e-01
2.763819095477390228e-02 3.171940128007049720e-01
2.814070351758798591e-02 3.185079108459591413e-01
2.864321608040206607e-02 3.238365126049906340e-01
2.914572864321613582e-02 3.348078169584691177e-01
2.964824120603019864e-02 3.456727007196536694e-01
3.015075376884427186e-02 3.601638221825154695e-01
3.065326633165833120e-02 3.737357490237769864e-01
3.115577889447240095e-02 3.902850541202894652e-01
3.165829145728647764e-02 4.028059990348832331e-01
3.216080402010057515e-02 4.109831063620460467e-01
3.266331658291462409e-02 4.205435120390576542e-01
3.316582914572865221e-02 4.333017401629498666e-01
3.366834170854275665e-02 4.460778120554739212e-01
3.417085427135678477e-02 4.538148050178030246e-01
3.467336683417086840e-02 4.671005249528029646e-01
3.517587939698495897e-02 4.756975612873445280e-01
3.567839195979899403e-02 4.817895202342912242e-01
3.618090452261308460e-02 4.846734084599628178e-01
3.668341708542719598e-02 4.945204831031492221e-01
3.718592964824123104e-02 5.118082107001610259e-01
3.768844221105531467e-02 5.375816062156465458e-01
3.819095477386937748e-02 5.633130750044409440e-01
3.869346733668344029e-02 5.798019746598871427e-01
3.919597989949752392e-02 6.034202541363196115e-01
3.969849246231160061e-02 6.275017750390939897e-01
4.020100502512568424e-02 6.407941646747800091e-01
4.070351758793972624e-02 6.613201296516829641e-01
4.120603015075383069e-02 6.793111079307505573e-01
4.170854271356787962e-02 6.872653537964301673e-01
4.221105527638194244e-02 7.093908619687597783e-01
4.271356783919602607e-02 7.428397613104409380e-01
4.321608040201007500e-02 7.792654272190533415e-01
4.371859296482413781e-02 8.201853651430663916e-01
4.422110552763820063e-02 8.484215861220268939e-01
4.472361809045228426e-02 8.928907645937385062e-01
4.522613065326636789e-02 9.373917328551039096e-01
4.572864321608042376e-02 9.857599729107738851e-01
4.623115577889452127e-02 1.022753658044652569e+00
4.673366834170855633e-02 1.055125546166498340e+00
4.723618090452261220e-02 1.068832943164455873e+00
4.773869346733668889e-02 1.079962366755779168e+00
4.824120603015079334e-02 1.097114253081271196e+00
4.874371859296486309e-02 1.101733825978226777e+00
4.924623115577892590e-02 1.103263522836712918e+00
4.974874371859298872e-02 1.103591081872171031e+00
5.025125628140711398e-02 1.103677250469916160e+00
5.075376884422119067e-02 1.108148289464020886e+00
5.125628140703520491e-02 1.109509301106662349e+00
5.175879396984929548e-02 1.114516578584812567e+00
5.226130653266338605e-02 1.140113875810556010e+00
5.276381909547742805e-02 1.168194170126989118e+00
5.326633165829150474e-02 1.205438287116508134e+00
5.376884422110556061e-02 1.223233862414530471e+00
5.427135678391957485e-02 1.236501611120153665e+00
5.477386934673372093e-02 1.247452547871831907e+00
5.527638190954778374e-02 1.253898912319007186e+00
5.577889447236191595e-02 1.264619468858835027e+00
5.628140703517588161e-02 1.280848730579401407e+00
5.678391959799000688e-02 1.300693454723187870e+00
5.728643216080409745e-02 1.312074313675317683e+00
5.778894472361811169e-02 1.329699507808720593e+00
5.829145728643230634e-02 1.343911032552543183e+00
5.879396984924625119e-02 1.350066775900087945e+00
5.929648241206039727e-02 1.359009517963243541e+00
5.979899497487446008e-02 1.363960715393917056e+00
6.030150753768852984e-02 1.365716272048572266e+00
6.080402010050257877e-02 1.368320180265222952e+00
6.130653266331660689e-02 1.369279348471981628e+00
6.180904522613073909e-02 1.370493258560514072e+00
6.231155778894478109e-02 1.373923447906692852e+00
6.281407035175883002e-02 1.378258492268608082e+00
6.331658291457291365e-02 1.385394734095874325e+00
6.381909547738705279e-02 1.386427671011135176e+00
6.432160804020110867e-02 1.389150848183286824e+00
6.482412060301517842e-02 1.396707796369059507e+00
6.532663316582922042e-02 1.409120116312945870e+00
6.582914572864326241e-02 1.429499829255387988e+00
6.633165829145737380e-02 1.448256407328991635e+00
6.683417085427142967e-02 1.478835146973434655e+00
6.733668341708552718e-02 1.495842735818485147e+00
6.783919597989965244e-02 1.524827197717538274e+00
6.834170854271359730e-02 1.547406120698531451e+00
6.884422110552776419e-02 1.567101281058680406e+00
6.934673366834176456e-02 1.591640709793220143e+00
6.984924623115582043e-02 1.619100316441749898e+00
7.035175879396990406e-02 1.652568177130299798e+00
7.085427135678394606e-02 1.684054320773584523e+00
7.135678391959805744e-02 1.708691115882433387e+00
7.185929648241209944e-02 1.734127781190327733e+00
7.236180904522625246e-02 1.753248795085885714e+00
7.286432160804018343e-02 1.769491644645003747e+00
7.336683417085430869e-02 1.779457080593527252e+00
7.386934673366840620e-02 1.786958720467545003e+00
7.437185929648242044e-02 1.793530344611367733e+00
7.487437185929655958e-02 1.800745104236496807e+00
7.537688442211050444e-02 1.807554700508460455e+00
7.587939698492453255e-02 1.813679146567884315e+00
7.638190954773867170e-02 1.816206931883490805e+00
7.688442211055283859e-02 1.820220835994501130e+00
7.738693467336696385e-02 1.821426300636658446e+00
7.788944723618106136e-02 1.822173406420721564e+00
7.839195979899507560e-02 1.822241571617154277e+00
7.889447236180921474e-02 1.822291557188955968e+00
7.939698492462335389e-02 1.822335001558697876e+00
7.989949748743735425e-02 1.823539141351119941e+00
8.040201005025143788e-02 1.828228103669534921e+00
8.090452261306545212e-02 1.831557701213239797e+00
8.140703517587953575e-02 1.837703511978160398e+00
8.190954773869357775e-02 1.846603108139161620e+00
8.241206030150764750e-02 1.860897981102408227e+00
8.291457286432175888e-02 1.873909241558175731e+00
8.341708542713584251e-02 1.894597863546466199e+00
8.391959798994985675e-02 1.910308419617676279e+00
8.442211055276389875e-02 1.921829215387372392e+00
8.492462311557795462e-02 1.943357621069951024e+00
8.542713567839205213e-02 1.966437524843739570e+00
8.592964824120616352e-02 1.988623641455452784e+00
8.643216080402027490e-02 1.999414981595481366e+00
8.693467336683434465e-02 2.014157818127687349e+00
8.743718592964837277e-02 2.034850092752174433e+00
8.793969849246241477e-02 2.056954619493414071e+00
8.844221105527648452e-02 2.074864110113737947e+00
8.894472361809052652e-02 2.108575778111086763e+00
8.944723618090467954e-02 2.134598806715756414e+00
8.994974874371869378e-02 2.148009375663507470e+00
9.045226130653270802e-02 2.158067403680089758e+00
9.095477386934675001e-02 2.167754755420403079e+00
9.145728643216090303e-02 2.183583766498446099e+00
9.195979899497501442e-02 2.192701559521056609e+00
9.246231155778902866e-02 2.196273003782774680e+00
9.296482412060307066e-02 2.199076028781970837e+00
9.346733668341720980e-02 2.206757980486921511e+00
9.396984924623132118e-02 2.208022052605858931e+00
9.447236180904534930e-02 2.225425047255001232e+00
9.497487437185940518e-02 2.231889944716030971e+00
9.547738693467343329e-02 2.241141544455242940e+00
9.597989949748753080e-02 2.256683999274399000e+00
9.648241206030161443e-02 2.272864778454842138e+00
9.698492462311560092e-02 2.290054606184126484e+00
9.748743718592953189e-02 2.297186260208744724e+00
9.798994974874357389e-02 2.308600168719382228e+00
9.849246231155778242e-02 2.311803768714543406e+00
9.899497487437183829e-02 2.312216297130917475e+00
9.949748743718586641e-02 2.318191844078835828e+00
9.999999999999996392e-02 2.333453060895261277e+00
