2.500000000000000256e-17 0.000000000000000000e+00
5.025125628141060728e-04 1.308497761276495013e-03
1.005025125628182438e-03 5.577103041203832802e-03
1.507537688442253491e-03 1.327579344090446499e-02
2.010050251256325846e-03 1.575812401686869577e-02
2.512562814070388225e-03 1.877435823170737692e-02
3.015075376884462748e-03 2.590678215818834756e-02
3.517587939698531632e-03 3.066196890981320519e-02
4.020100502512600517e-03 3.841176949138593727e-02
4.522613065326671136e-03 4.893272748502916492e-02
5.025125628140740888e-03 5.658581156405944473e-02
5.527638190954811508e-03 6.681089581634616636e-02
6.030150753768890801e-03 6.893017747890034519e-02
6.532663316582962287e-03 6.972592163687658939e-02
7.035175879397037244e-03 7.485272541025438098e-02
7.537688442211103526e-03 7.893861319386867581e-02
8.040201005025173278e-03 8.127604049964810840e-02
8.542713567839234357e-03 8.255526734819985946e-02
9.045226130653311047e-03 8.451702394037516330e-02
9.547738693467380799e-03 9.022725303111436834e-02
1.005025125628144882e-02 9.566954350115090822e-02
1.055276381909551683e-02 9.765049835054645522e-02
1.105527638190958138e-02 1.021168706493786188e-01
1.155778894472366328e-02 1.038257815739361684e-01
1.206030150753772262e-02 1.054910619452163745e-01
1.256281407035179237e-02 1.102926985453052539e-01
1.306532663316586906e-02 1.120860481646444168e-01
1.356783919597993188e-02 1.157565914921964562e-01
1.407035175879399642e-02 1.186092996629973251e-01
1.457286432160807485e-02 1.191953472544993037e-01
1.507537688442214981e-02 1.194149299196786418e-01
1.557788944723622476e-02 1.196361595175256254e-01
1.608040201005028064e-02 1.198149492029627616e-01
1.658291457286437121e-02 1.203226888925020555e-01
1.708542713567843402e-02 1.205572181752627703e-01
1.758793969849250724e-02 1.213199106397496729e-01
1.809045226130657005e-02 1.215173128427339128e-01
1.859296482412063981e-02 1.217537561942037272e-01
1.909547738693471303e-02 1.237069248642978375e-01
1.959798994974877584e-02 1.257633198625371096e-01
2.010050251256284906e-02 1.273515879566456399e-01
2.060301507537692228e-02 1.305097080928440123e-01
2.110552763819100244e-02 1.369901587882743910e-01
2.160804020100506526e-02 1.478954551236069670e-01
2.211055276381914195e-02 1.672038616856547644e-01
2.261306532663320129e-02 1.806608263665646918e-01
2.311557788944728145e-02 1.934779179880399269e-01
2.361809045226136161e-02 1.987170965464894190e-01
2.412060301507542442e-02 2.082541489030827753e-01
2.462311557788948030e-02 2.185462659532712015e-01
2.512562814070355699e-02 2.344405623075869749e-01
2.562814070351761633e-02 2.476657969836838502e-01
2.613065326633168609e-02 2.604395494042339165e-01
2.663316582914574890e-02 2.719121072136306827e-01
2.713567839195982212e-02 2.815400717519244145e-01
2.763819095477388493e-02 2.919339106500960512e-01
2.814070351758798244e-02 3.073842742082621982e-01
2.864321608040208689e-02 3.197547743854399771e-01
2.914572864321616011e-02 3.418679795806496835e-01
2.964824120603020211e-02 3.522910516656622137e-01
3.015075376884426145e-02 3.588477627698086758e-01
3.065326633165833467e-02 3.720018977832065810e-01
3.115577889447238014e-02 3.804211822593958625e-01
3.165829145728644295e-02 3.847664319460941673e-01
3.216080402010057515e-02 3.869598604971360989e-01
3.266331658291463103e-02 3.874883695322686172e-01
3.316582914572870078e-02 3.886653159817691772e-01
3.366834170854278441e-02 3.890690368616500083e-01
3.417085427135684028e-02 3.890859886015609059e-01
3.467336683417090309e-02 3.892711391581810676e-01
3.517587939698498672e-02 3.908046002363863569e-01
3.567839195979904260e-02 3.908088347838915011e-01
3.618090452261311929e-02 3.909042191610218597e-01
3.668341708542718210e-02 3.921742896551703716e-01
3.718592964824123798e-02 3.925603825713330219e-01
3.768844221105534242e-02 3.960482972130556778e-01
3.819095477386934279e-02 3.986919467541468753e-01
3.869346733668345417e-02 3.995480138006817783e-01
3.919597989949755168e-02 4.006495724730074204e-01
3.969849246231161449e-02 4.013450444105856052e-01
4.020100502512569812e-02 4.013490535913855073e-01
4.070351758793974012e-02 4.016351775348280251e-01
4.120603015075380293e-02 4.047402631803114770e-01
4.170854271356785881e-02 4.109538461359540373e-01
4.221105527638195631e-02 4.157902378384578657e-01
4.271356783919602607e-02 4.292322919693969396e-01
4.321608040201010276e-02 4.502566436456199583e-01
4.371859296482417945e-02 4.763544690380639990e-01
4.422110552763825614e-02 4.891399873210136029e-01
4.472361809045233283e-02 5.105598176253056675e-01
4.522613065326638176e-02 5.228498005019857064e-01
4.572864321608048621e-02 5.275751213712017718e-01
4.623115577889454209e-02 5.310707048884270032e-01
4.673366834170857020e-02 5.336981718962330312e-01
4.723618090452266771e-02 5.371466818405463695e-01
4.773869346733673052e-02 5.464445011866447821e-01
4.824120603015078640e-02 5.538545367067894132e-01
4.874371859296486309e-02 5.622986231099078580e-01
4.924623115577891896e-02 5.684538014748943269e-01
4.974874371859292627e-02 5.738828280177972196e-01
5.025125628140703765e-02 5.820059772322366820e-01
5.075376884422113516e-02 5.876646322206762196e-01
5.125628140703521185e-02 5.912888228693079506e-01
5.175879396984929548e-02 6.037979026016450090e-01
5.226130653266337911e-02 6.190937637319907649e-01
5.276381909547736559e-02 6.316149557618101484e-01
5.326633165829145616e-02 6.499745327063329858e-01
5.376884422110558143e-02 6.579791303345623454e-01
5.427135678391960955e-02 6.643689725176961103e-01
5.477386934673370705e-02 6.709961224792708734e-01
5.527638190954777681e-02 6.729211532170535914e-01
5.577889447236174941e-02 6.766820024571993386e-01
5.628140703517586080e-02 6.839639413510671950e-01
5.678391959798990973e-02 6.930213680917779451e-01
5.728643216080410439e-02 7.074964810530873782e-01
5.778894472361809087e-02 7.152656878460936785e-01
5.829145728643217450e-02 7.222379364331759088e-01
5.879396984924625813e-02 7.260522411869212434e-01
5.929648241206032094e-02 7.298614546608890308e-01
5.979899497487441151e-02 7.422277214221091324e-01
6.030150753768838412e-02 7.550073116603376322e-01
6.080402010050251632e-02 7.630779961193681071e-01
6.130653266331656526e-02 7.698780536707435784e-01
6.180904522613072521e-02 7.785966666386903157e-01
6.231155778894475333e-02 7.957049815786065849e-01
6.281407035175884390e-02 8.139358590228010781e-01
6.331658291457289978e-02 8.369616778001851554e-01
6.381909547738699728e-02 8.586608867161519276e-01
6.432160804020109479e-02 8.704403926010005899e-01
6.482412060301522005e-02 8.862277170873618104e-01
6.532663316582917878e-02 9.038782828565850025e-01
6.582914572864327629e-02 9.262903695010442640e-01
6.633165829145726278e-02 9.461986607825821904e-01
6.683417085427144355e-02 9.592533452383584791e-01
6.733668341708552718e-02 9.694928248466295750e-01
6.783919597989945816e-02 9.786245424011085214e-01
6.834170854271356954e-02 9.903845679714883277e-01
6.884422110552756990e-02 1.001627810679009301e+00
6.934673366834172292e-02 1.005283232066145338e+00
6.984924623115580655e-02 1.007321955881850695e+00
7.035175879396980692e-02 1.008396456116476436e+00
7.085427135678390442e-02 1.014156024796770916e+00
7.135678391959800193e-02 1.021491447043752165e+00
7.185929648241205780e-02 1.031862029320401275e+00
7.236180904522612756e-02 1.048729652231857656e+00
7.286432160804025282e-02 1.063947623379087659e+00
7.336683417085429482e-02 1.082423162662234928e+00
7.386934673366822579e-02 1.092393732806300477e+00
7.437185929648230942e-02 1.103949425056047540e+00
7.487437185929646244e-02 1.110373153575384908e+00
7.537688442211061546e-02 1.117914328129298696e+00
7.587939698492465745e-02 1.131314840313839110e+00
7.638190954773881047e-02 1.143959585636338927e+00
7.688442211055279696e-02 1.165080385021567633e+00
7.738693467336690834e-02 1.200462164173194290e+00
7.788944723618099197e-02 1.218031150932131101e+00
7.839195979899504785e-02 1.228628357768026369e+00
7.889447236180907597e-02 1.234810018535459353e+00
7.939698492462328450e-02 1.240748089324299031e+00
7.989949748743731262e-02 1.243852574462610772e+00
8.040201005025124359e-02 1.246476788844105066e+00
8.090452261306529946e-02 1.254345185354666770e+00
8.140703517587950799e-02 1.257010298483535182e+00
8.190954773869352223e-02 1.258862372255519224e+00
8.241206030150759199e-02 1.262143515613336042e+00
8.291457286432171725e-02 1.263293844893744744e+00
8.341708542713577312e-02 1.263434195558479578e+00
8.391959798994975961e-02 1.263536137352165634e+00
8.442211055276396814e-02 1.263571278284276511e+00
8.492462311557799626e-02 1.264139835478203855e+00
8.542713567839202438e-02 1.267731559317041956e+00
8.592964824120609413e-02 1.272841596985051060e+00
8.643216080402019164e-02 1.275497687907960254e+00
8.693467336683430302e-02 1.276596357484216959e+00
8.743718592964833114e-02 1.284487147306905497e+00
8.793969849246242865e-02 1.288666529289521634e+00
8.844221105527642901e-02 1.290457055754629767e+00
8.894472361809060978e-02 1.293455157784850096e+00
8.944723618090458239e-02 1.295417543938313543e+00
8.994974874371867990e-02 1.295625005023101517e+00
9.045226130653274965e-02 1.297944775351177471e+00
9.095477386934676389e-02 1.306281307876622222e+00
9.145728643216087528e-02 1.313293127823168982e+00
9.195979899497498666e-02 1.321631009711274451e+00
9.246231155778905642e-02 1.341124218108892485e+00
9.296482412060312617e-02 1.368479924636041067e+00
9.346733668341720980e-02 1.387695795002173549e+00
9.396984924623125179e-02 1.401802293306072755e+00
9.447236180904534930e-02 1.424087800051966557e+00
9.497487437185940518e-02 1.450952713465192279e+00
9.547738693467346105e-02 1.478800719144921505e+00
9.597989949748747529e-02 1.502433499486257595e+00
9.648241206030161443e-02 1.520684144501696533e+00
9.698492462311560092e-02 1.534536491365199984e+00
9.748743718592962904e-02 1.540579854493541845e+00
9.798994974874382369e-02 1.552893315881647363e+00
9.849246231155785181e-02 1.568024971582155480e+00
9.899497487437196319e-02 1.594072624078613609e+00
9.949748743718596355e-02 1.620843215211321020e+00
1.000000000000001305e-01 1.643262371327474325e+00
